Energy [GeV] DM_e+        Sec_e+       DM_e-        Pri_e-       Sec_e-       Extra_e+     DM_pbar      DM_pbar      Sec_p        Pri_p        NUC_1002     NUC_1003     NUC_2003     NUC_2004     
1.000000e-01 5.242588e-01 1.984654e+03 5.546615e-01 7.562286e+03 6.036266e+02 1.800423e+02 0.000000e+00 2.575545e-04 3.343016e+03 5.616915e+04 0.000000e+00 0.000000e+00 1.022836e-01 6.679666e+02 
1.200000e-01 4.854011e-01 1.625307e+03 5.100606e-01 5.913337e+03 5.081184e+02 1.397618e+02 0.000000e+00 2.914848e-04 3.428376e+03 5.259448e+04 0.000000e+00 0.000000e+00 9.440287e-02 6.009145e+02 
1.440000e-01 4.441845e-01 1.283447e+03 4.637635e-01 4.562819e+03 4.151257e+02 1.070621e+02 0.000000e+00 3.267993e-04 3.456224e+03 4.827434e+04 0.000000e+00 0.000000e+00 8.532215e-02 5.287079e+02 
1.728000e-01 4.013581e-01 9.764327e+02 4.165542e-01 3.471274e+03 3.285268e+02 8.086566e+01 0.000000e+00 3.626145e-04 3.419436e+03 4.334424e+04 0.000000e+00 0.000000e+00 7.534607e-02 4.539103e+02 
2.073600e-01 3.578885e-01 7.171922e+02 3.694060e-01 2.601858e+03 2.517126e+02 6.018335e+01 0.000000e+00 3.979651e-04 3.314286e+03 3.799991e+04 0.000000e+00 0.000000e+00 6.501046e-02 3.807167e+02 
2.488320e-01 3.148308e-01 5.109270e+02 3.233497e-01 1.920331e+03 1.867527e+02 4.411193e+01 0.000000e+00 4.316924e-04 3.140659e+03 3.244493e+04 0.000000e+00 0.000000e+00 5.461411e-02 3.107521e+02 
2.985984e-01 2.731540e-01 3.549703e+02 2.792999e-01 1.395157e+03 1.341596e+02 3.183399e+01 0.000000e+00 4.626025e-04 2.897843e+03 2.689450e+04 0.000000e+00 0.000000e+00 4.462187e-02 2.461214e+02 
3.583181e-01 2.336019e-01 2.412435e+02 2.379234e-01 9.976750e+02 9.329178e+01 2.261961e+01 0.000000e+00 4.895973e-04 2.582743e+03 2.155011e+04 0.000000e+00 0.000000e+00 3.549756e-02 1.898486e+02 
4.299817e-01 1.967235e-01 1.602703e+02 1.996830e-01 7.025817e+02 6.283176e+01 1.583465e+01 0.000000e+00 5.116472e-04 2.200891e+03 1.668667e+04 0.000000e+00 0.000000e+00 2.758250e-02 1.434332e+02 
5.159780e-01 1.629001e-01 1.037861e+02 1.648719e-01 4.877056e+02 4.105272e+01 1.093278e+01 0.000000e+00 5.279729e-04 1.784510e+03 1.256637e+04 0.000000e+00 0.000000e+00 2.099787e-02 1.064910e+02 
6.191736e-01 1.322853e-01 6.529161e+01 1.335605e-01 3.337073e+02 2.605058e+01 7.445939e+00 0.000000e+00 5.379096e-04 1.379801e+03 9.268520e+03 0.000000e+00 0.000000e+00 1.568998e-02 7.777172e+01 
7.430084e-01 1.052724e-01 3.988738e+01 1.060727e-01 2.252756e+02 1.608977e+01 5.008019e+00 0.000000e+00 5.409038e-04 1.023761e+03 6.737984e+03 0.000000e+00 0.000000e+00 1.155713e-02 5.633754e+01 
8.916100e-01 8.221210e-02 2.370039e+01 8.270050e-02 1.501814e+02 9.696080e+00 3.330551e+00 0.000000e+00 5.364029e-04 7.345139e+02 4.849914e+03 0.000000e+00 0.000000e+00 8.439082e-03 4.090348e+01 
1.069932e+00 6.323186e-02 1.373379e+01 6.352282e-02 9.895832e+01 5.716339e+00 2.192943e+00 0.000000e+00 5.241019e-04 5.124559e+02 3.456594e+03 0.000000e+00 0.000000e+00 6.074742e-03 2.949825e+01 
1.283918e+00 4.812778e-02 7.785809e+00 4.829795e-02 6.449565e+01 3.306004e+00 1.431303e+00 0.000000e+00 5.048782e-04 3.488236e+02 2.437827e+03 0.000000e+00 0.000000e+00 4.277746e-03 2.097012e+01 
1.540702e+00 3.640132e-02 4.331707e+00 3.649956e-02 4.159663e+01 1.880570e+00 9.270699e-01 0.000000e+00 4.789314e-04 2.322635e+02 1.702541e+03 0.000000e+00 0.000000e+00 2.977739e-03 1.475420e+01 
1.848843e+00 2.740788e-02 2.372083e+00 2.746404e-02 2.655364e+01 1.054697e+00 5.964846e-01 0.000000e+00 4.474167e-04 1.516037e+02 1.177724e+03 0.000000e+00 0.000000e+00 2.067346e-03 1.030319e+01 
2.218611e+00 2.051956e-02 1.281985e+00 2.055135e-02 1.677491e+01 5.844923e-01 3.815690e-01 0.000000e+00 4.117628e-04 9.716352e+01 8.066650e+02 0.000000e+00 0.000000e+00 1.428424e-03 7.137519e+00 
2.662333e+00 1.523255e-02 6.854874e-01 1.525034e-02 1.047994e+01 3.207081e-01 2.428729e-01 0.000000e+00 3.725466e-04 6.122837e+01 5.469213e+02 0.000000e+00 0.000000e+00 9.812550e-04 4.902528e+00 
3.194800e+00 1.118983e-02 3.634796e-01 1.119965e-02 6.464214e+00 1.745319e-01 1.539358e-01 0.000000e+00 3.310647e-04 3.797616e+01 3.669429e+02 0.000000e+00 0.000000e+00 6.674760e-04 3.333648e+00 
3.833760e+00 8.140544e-03 1.915248e-01 8.145885e-03 3.923865e+00 9.433717e-02 9.722191e-02 0.000000e+00 2.883438e-04 2.320786e+01 2.436662e+02 0.000000e+00 0.000000e+00 4.502807e-04 2.245649e+00 
4.600512e+00 5.886129e-03 1.004618e-01 5.889007e-03 2.328222e+00 5.069760e-02 6.122693e-02 0.000000e+00 2.462917e-04 1.398881e+01 1.601590e+02 0.000000e+00 0.000000e+00 3.005945e-04 1.497305e+00 
5.520614e+00 4.249558e-03 5.253111e-02 4.251101e-03 1.327598e+00 2.710872e-02 3.847010e-02 0.000000e+00 2.060241e-04 8.325663e+00 1.042432e+02 0.000000e+00 0.000000e+00 1.985337e-04 9.885043e-01 
6.624737e+00 3.072786e-03 2.741102e-02 3.073612e-03 7.383375e-01 1.443061e-02 2.412632e-02 0.000000e+00 1.680700e-04 4.898362e+00 6.722309e+01 0.000000e+00 0.000000e+00 1.298035e-04 6.464682e-01 
7.949685e+00 2.225655e-03 1.428363e-02 2.226098e-03 4.099152e-01 7.650881e-03 1.510638e-02 0.000000e+00 1.340318e-04 2.852041e+00 4.296782e+01 0.000000e+00 0.000000e+00 8.401081e-05 4.184476e-01 
9.539622e+00 1.611087e-03 7.436258e-03 1.611324e-03 2.272520e-01 4.041698e-03 9.444740e-03 0.000000e+00 1.041713e-04 1.644746e+00 2.724440e+01 0.000000e+00 0.000000e+00 5.389203e-05 2.684473e-01 
1.144755e+01 1.162111e-03 3.868853e-03 1.162237e-03 1.258342e-01 2.128111e-03 5.896701e-03 0.000000e+00 7.916918e-05 9.403034e-01 1.715024e+01 0.000000e+00 0.000000e+00 3.428552e-05 1.708907e-01 
1.373706e+01 8.341087e-04 2.011725e-03 8.341754e-04 6.960699e-02 1.117168e-03 3.676602e-03 0.000000e+00 5.859348e-05 5.334365e-01 1.072605e+01 0.000000e+00 0.000000e+00 2.165517e-05 1.080296e-01 
1.648447e+01 5.963630e-04 1.045465e-03 5.963980e-04 3.847147e-02 5.847820e-04 2.289578e-03 0.000000e+00 4.244517e-05 3.005833e-01 6.669507e+00 0.000000e+00 0.000000e+00 1.359152e-05 6.786413e-02 
1.978136e+01 4.259807e-04 5.429295e-04 4.259990e-04 2.124751e-02 3.052181e-04 1.424348e-03 0.000000e+00 3.018077e-05 1.684062e-01 4.125913e+00 0.000000e+00 0.000000e+00 8.482385e-06 4.239289e-02 
2.373763e+01 3.048379e-04 2.816628e-04 3.048474e-04 1.172715e-02 1.587911e-04 8.853416e-04 0.000000e+00 2.100870e-05 9.390265e-02 2.540446e+00 0.000000e+00 0.000000e+00 5.262253e-06 2.631698e-02 
2.848516e+01 2.187126e-04 1.458902e-04 2.187176e-04 6.468471e-03 8.228410e-05 5.498959e-04 0.000000e+00 1.435071e-05 5.212598e-02 1.558069e+00 0.000000e+00 0.000000e+00 3.249860e-06 1.626335e-02 
3.418219e+01 1.570847e-04 7.538372e-05 1.570874e-04 3.565512e-03 4.242007e-05 3.412672e-04 0.000000e+00 9.616872e-06 2.882770e-02 9.523110e-01 0.000000e+00 0.000000e+00 1.999182e-06 1.001091e-02 
4.101863e+01 1.126195e-04 3.881595e-05 1.126209e-04 1.963911e-03 2.172302e-05 2.115693e-04 0.000000e+00 6.329463e-06 1.588672e-02 5.803451e-01 0.000000e+00 0.000000e+00 1.225578e-06 6.140867e-03 
4.922235e+01 8.036252e-05 1.988972e-05 8.036323e-05 1.080834e-03 1.102884e-05 1.309815e-04 0.000000e+00 4.080836e-06 8.727706e-03 3.527648e-01 0.000000e+00 0.000000e+00 7.490550e-07 3.755430e-03 
5.906682e+01 5.694601e-05 1.012542e-05 5.694638e-05 5.942760e-04 5.538635e-06 8.095041e-05 0.000000e+00 2.572557e-06 4.782167e-03 2.139569e-01 0.000000e+00 0.000000e+00 4.566462e-07 2.290353e-03 
7.088019e+01 4.001391e-05 5.111050e-06 4.001409e-05 3.264138e-04 2.743883e-06 4.993153e-05 0.000000e+00 1.589172e-06 2.614581e-03 1.295226e-01 0.000000e+00 0.000000e+00 2.777413e-07 1.393551e-03 
8.505622e+01 2.785671e-05 2.552263e-06 2.785680e-05 1.790876e-04 1.336768e-06 3.073532e-05 0.000000e+00 9.571109e-07 1.427190e-03 7.828126e-02 0.000000e+00 0.000000e+00 1.685847e-07 8.461556e-04 
1.020675e+02 1.919845e-05 1.257512e-06 1.919849e-05 9.813970e-05 6.381326e-07 1.888016e-05 0.000000e+00 5.605037e-07 7.783394e-04 4.724495e-02 0.000000e+00 0.000000e+00 1.021388e-07 5.128078e-04 
1.224810e+02 1.308138e-05 6.094963e-07 1.308140e-05 5.371084e-05 2.972706e-07 1.157306e-05 0.000000e+00 3.180576e-07 4.243689e-04 2.847637e-02 0.000000e+00 0.000000e+00 6.174779e-08 3.100675e-04 
1.469772e+02 8.794438e-06 2.896385e-07 8.794449e-06 2.935307e-05 1.345133e-07 7.077117e-06 0.000000e+00 1.746629e-07 2.311500e-04 1.714601e-02 0.000000e+00 0.000000e+00 3.727926e-08 1.872291e-04 
1.763726e+02 5.817443e-06 1.344532e-07 5.817448e-06 1.601534e-05 5.881095e-08 4.315614e-06 0.000000e+00 9.250941e-08 1.258010e-04 1.031446e-02 0.000000e+00 0.000000e+00 2.248047e-08 1.129235e-04 
2.116471e+02 3.772894e-06 6.072224e-08 3.772896e-06 8.721895e-06 2.469400e-08 2.622859e-06 0.000000e+00 4.631050e-08 6.841649e-05 6.200002e-03 0.000000e+00 0.000000e+00 1.354268e-08 6.803887e-05 
2.539765e+02 2.388071e-06 2.655882e-08 2.388072e-06 4.739866e-06 9.887516e-09 1.587891e-06 0.000000e+00 2.195170e-08 3.718343e-05 3.724322e-03 0.000000e+00 0.000000e+00 8.151260e-09 4.095918e-05 
3.047718e+02 1.465651e-06 1.119213e-08 1.465651e-06 2.569667e-06 3.743946e-09 9.571297e-07 0.000000e+00 9.620666e-09 2.019903e-05 2.235927e-03 0.000000e+00 0.000000e+00 4.902506e-09 2.463871e-05 
3.657262e+02 8.639855e-07 4.517444e-09 8.639857e-07 1.389262e-06 1.327608e-09 5.741321e-07 0.000000e+00 3.822745e-09 1.096535e-05 1.341719e-03 0.000000e+00 0.000000e+00 2.946660e-09 1.481155e-05 
4.388714e+02 4.817204e-07 1.734533e-09 4.817205e-07 7.485973e-07 4.358675e-10 3.424798e-07 0.000000e+00 1.313332e-09 5.944167e-06 8.048073e-04 0.000000e+00 0.000000e+00 1.770103e-09 8.898880e-06 
5.266457e+02 2.475799e-07 6.285030e-10 2.475799e-07 4.016853e-07 1.307700e-10 2.029243e-07 0.000000e+00 3.775686e-10 3.214737e-06 4.825916e-04 0.000000e+00 0.000000e+00 1.062856e-09 5.344068e-06 
6.319749e+02 1.115906e-07 2.128635e-10 1.115906e-07 2.143416e-07 3.533798e-11 1.192185e-07 0.000000e+00 8.786326e-11 1.732538e-06 2.893026e-04 0.000000e+00 0.000000e+00 6.379865e-10 3.208228e-06 
7.583698e+02 3.904831e-08 6.657959e-11 3.904831e-08 1.135091e-07 8.471743e-12 6.927695e-08 0.000000e+00 1.487897e-11 9.290225e-07 1.733893e-04 0.000000e+00 0.000000e+00 3.828137e-10 1.925264e-06 
9.100438e+02 7.388374e-09 1.891922e-11 7.388374e-09 5.947605e-08 1.775305e-12 3.967929e-08 0.000000e+00 0.000000e+00 4.939923e-07 1.038976e-04 0.000000e+00 0.000000e+00 2.296277e-10 1.154952e-06 
1.092053e+03 0.000000e+00 4.759587e-12 0.000000e+00 3.068772e-08 3.198996e-13 2.228511e-08 0.000000e+00 0.000000e+00 2.588975e-07 6.224711e-05 0.000000e+00 0.000000e+00 1.377067e-10 6.926858e-07 
1.310463e+03 0.000000e+00 1.010713e-12 0.000000e+00 1.546311e-08 4.752278e-14 1.216591e-08 0.000000e+00 0.000000e+00 1.322987e-07 3.728865e-05 0.000000e+00 0.000000e+00 8.256545e-11 4.153643e-07 
1.572556e+03 0.000000e+00 1.700358e-13 0.000000e+00 7.486981e-09 4.705077e-15 6.348193e-09 0.000000e+00 0.000000e+00 6.450255e-08 2.233440e-05 0.000000e+00 0.000000e+00 4.949339e-11 2.490213e-07 
1.887067e+03 0.000000e+00 2.394884e-14 0.000000e+00 3.356512e-09 1.033690e-16 3.047720e-09 0.000000e+00 0.000000e+00 2.849129e-08 1.337581e-05 0.000000e+00 0.000000e+00 2.966340e-11 1.492723e-07 
2.264480e+03 0.000000e+00 1.684536e-15 0.000000e+00 1.242087e-09 9.527911e-19 1.196913e-09 0.000000e+00 0.000000e+00 9.631421e-09 8.009861e-06 0.000000e+00 0.000000e+00 1.777614e-11 8.946952e-08 
